10 15 3

0 191 198 185 172 159 166 153 141 167 
191 0 208 195 202 209 215 112 119 106 
198 208 0 173 180 207 213 220 227 234 
185 195 173 0 178 165 172 179 186 193 
172 202 180 178 0 124 131 137 125 171 
159 209 207 165 124 0 239 116 123 130 
166 215 213 172 131 239 0 224 231 238 
153 112 220 179 137 116 224 0 190 197 
141 119 227 186 125 123 231 190 0 104 
167 106 234 193 171 130 238 197 104 0 

0 134 236 226 134 192 195 103 161 199 
134 0 132 103 161 132 190 248 176 234 
236 132 0 201 109 167 225 133 211 119 
226 103 201 0 208 116 193 101 159 217 
134 161 109 208 0 175 233 141 199 107 
192 132 167 116 175 0 122 180 238 146 
195 190 225 193 233 122 0 108 166 224 
103 248 133 101 141 180 108 0 206 114 
161 176 211 159 199 238 166 206 0 121 
199 234 119 217 107 146 224 114 121 0 

305 0 4 428
444 0 4 299
575 0 4 409
422 0 4 248
354 0 4 437
293 0 4 386
508 1 4 321
356 1 4 438
388 1 4 466
443 1 4 266
437 1 4 261
578 1 4 379
524 2 0 334
470 3 0 321
455 4 0 276

3326

0 772 27
1 625 38
2 635 25
3 824 29
4 640 24
5 925 28
6 702 49
7 478 44
8 413 33
9 639 30
