10 28 3

0 182 169 156 163 170 177 164 151 198 
182 0 218 245 232 109 135 162 189 215 
169 218 0 152 179 205 232 128 155 221 
156 245 152 0 244 120 147 213 240 116 
163 232 179 244 0 205 232 128 155 182 
170 109 205 120 205 0 147 174 220 247 
177 135 232 147 232 147 0 239 115 181 
164 162 128 213 128 174 239 0 220 246 
151 189 155 240 155 220 115 220 0 122 
198 215 221 116 182 247 181 246 122 0 

0 188 119 240 149 207 245 153 191 249 
188 0 123 224 152 230 138 196 104 162 
119 123 0 160 218 182 109 167 225 133 
240 224 160 0 163 205 133 191 249 157 
149 152 218 163 0 185 243 151 229 137 
207 230 182 205 185 0 223 131 189 247 
245 138 109 133 243 223 0 170 248 156 
153 196 167 191 151 131 170 0 157 215 
191 104 225 249 229 189 248 157 0 104 
249 162 133 157 137 247 156 215 104 0 

447 0 3 389
439 0 3 382
507 0 9 448
537 0 9 477
434 0 9 377
470 1 9 412
464 1 9 406
421 1 9 364
378 1 9 322
431 1 9 337
423 2 9 367
470 2 9 375
389 2 9 333
346 2 9 291
303 2 9 527
545 2 9 448
455 3 9 397
388 3 9 332
345 3 9 290
301 3 9 525
543 3 9 447
462 3 9 404
372 9 0 280
292 9 0 516
361 9 0 306
318 9 0 541
342 9 0 287
298 9 0 522

3055

0 313 42
1 856 45
2 648 42
3 599 22
4 415 41
5 563 41
6 339 30
7 866 25
8 643 20
9 869 28
