10 15 3

0 126 102 207 183 158 134 240 196 211 
126 0 177 152 128 103 248 244 239 104 
102 177 0 196 191 186 181 177 172 187 
207 152 196 0 163 158 154 188 164 139 
183 128 191 163 0 150 146 141 136 131 
158 103 186 158 150 0 138 133 128 123 
134 248 181 154 146 138 0 125 120 135 
240 244 177 188 141 133 125 0 132 127 
196 239 172 164 136 128 120 132 0 119 
211 104 187 139 131 123 135 127 119 0 

0 184 147 150 209 247 136 174 213 101 
184 0 181 184 206 189 228 136 175 233 
147 181 0 146 185 223 131 190 228 136 
150 184 146 0 100 138 197 105 143 182 
209 206 185 100 0 144 203 111 149 208 
247 189 223 138 144 0 209 117 155 214 
136 228 131 197 203 209 0 182 221 129 
174 136 190 105 111 117 182 0 227 135 
213 175 228 143 149 155 221 227 0 220 
101 233 136 182 208 214 129 135 220 0 

328 5 6 474
384 6 7 531
477 6 7 316
286 7 8 430
520 7 8 397
360 7 8 506
406 8 9 517
528 8 9 368
439 8 9 313
349 8 9 531
279 9 5 387
492 9 5 368
481 9 5 320
427 9 5 301
416 9 5 528

3239

0 603 46
1 773 34
2 568 30
3 680 23
4 753 39
5 805 39
6 642 29
7 479 38
8 711 21
9 464 30
