10 48 5

0 147 186 197 189 180 172 163 174 166 
147 0 128 120 111 142 153 184 195 246 
186 128 0 160 172 203 214 114 126 156 
197 120 160 0 122 152 183 195 225 237 
189 111 172 122 0 102 114 144 156 187 
180 142 203 152 102 0 213 225 106 137 
172 153 214 183 114 213 0 194 206 236 
163 184 114 195 144 225 194 0 155 167 
174 195 126 225 156 106 206 155 0 117 
166 246 156 237 187 137 236 167 117 0 

0 222 213 224 216 211 186 249 224 200 
222 0 233 244 109 100 154 236 141 175 
213 233 0 247 132 166 201 236 121 155 
224 244 247 0 222 107 142 176 211 246 
216 109 132 222 0 138 173 208 242 127 
211 100 166 107 138 0 204 108 143 178 
186 154 201 142 173 204 0 179 214 249 
249 236 236 176 208 108 179 0 115 150 
224 141 121 211 242 143 214 115 0 110 
200 175 155 246 127 178 249 150 110 0 

440 0 4 347
504 0 4 378
465 0 4 337
287 0 4 427
283 0 4 423
355 0 4 498
428 0 4 299
271 0 4 483
414 0 4 523
353 1 4 495
432 1 4 303
505 1 4 379
314 1 4 455
387 1 4 531
460 1 4 332
268 1 4 408
341 1 4 483
323 1 4 464
353 2 4 496
426 2 4 297
499 2 4 373
308 2 4 448
381 2 4 488
454 2 4 289
492 2 4 365
300 2 4 441
373 2 4 517
446 2 4 318
337 3 4 479
410 3 4 280
483 3 4 356
292 3 4 432
365 3 4 472
324 3 4 465
397 3 4 541
470 3 4 306
487 3 4 360
296 3 4 436
463 4 0 335
306 4 0 447
518 4 0 393
362 4 0 541
469 4 0 342
278 4 0 418
351 4 0 457
389 4 0 533
462 4 0 334
271 4 0 410

2952

0 360 49
1 274 45
2 721 23
3 952 44
4 612 47
5 681 31
6 302 34
7 870 35
8 393 38
9 739 33
