10 40 5

0 232 243 235 226 217 209 220 212 223 
232 0 237 248 239 100 131 142 173 185 
243 237 0 229 240 141 152 183 194 225 
235 248 229 0 210 221 102 113 144 175 
226 239 240 210 0 151 163 194 205 105 
217 100 141 221 151 0 113 144 174 186 
209 131 152 102 163 113 0 224 235 116 
220 142 183 113 194 144 224 0 185 196 
212 173 194 144 205 174 235 185 0 166 
223 185 225 175 105 186 116 196 166 0 

0 248 239 100 245 240 216 211 187 182 
248 0 195 206 217 212 207 203 178 173 
239 195 0 225 220 216 211 187 182 177 
100 206 225 0 197 192 187 182 158 153 
245 217 220 197 0 128 124 249 245 240 
240 212 216 192 128 0 191 186 181 176 
216 207 211 187 124 191 0 162 157 153 
211 203 187 182 249 186 162 0 244 239 
187 178 182 158 245 181 157 244 0 235 
182 173 177 153 240 176 153 239 235 0 

378 0 3 359
290 0 3 536
293 0 3 539
431 0 3 656
389 0 3 608
385 0 3 603
328 0 3 537
308 1 3 513
462 1 3 404
412 1 3 346
491 1 3 394
570 1 3 486
325 1 3 577
321 1 3 529
363 1 3 620
531 2 3 484
324 2 3 575
507 2 3 413
549 2 3 505
545 2 3 456
300 2 3 548
379 2 3 596
420 2 3 355
355 3 9 611
509 3 9 415
445 3 9 340
343 3 9 597
301 3 9 549
380 3 9 597
421 3 9 357
500 3 9 405
528 9 0 481
487 9 0 433
495 9 0 399
454 9 0 351
495 9 0 442
288 9 0 534
329 9 0 582
408 9 0 342
450 9 0 389

3263

0 416 46
1 686 49
2 541 28
3 515 37
4 826 40
5 599 23
6 417 26
7 690 22
8 962 25
9 874 23
