10 26 5

0 138 149 140 152 143 154 146 157 148 
138 0 162 173 165 196 207 218 229 110 
149 162 0 175 205 217 248 109 140 171 
140 173 175 0 136 167 178 228 240 120 
152 165 205 136 0 116 147 159 189 201 
143 196 217 167 116 0 228 108 120 151 
154 207 248 178 147 228 0 189 220 101 
146 218 109 228 159 108 189 0 170 200 
157 229 140 240 189 120 220 170 0 165 
148 110 171 120 201 151 101 200 165 0 

0 227 238 249 244 220 215 190 186 161 
227 0 107 138 149 160 135 131 126 121 
238 107 0 130 105 100 246 241 216 212 
249 138 130 0 101 226 222 217 193 188 
244 149 105 101 0 163 158 134 129 124 
220 160 100 226 163 0 245 221 216 211 
215 135 246 222 158 245 0 197 192 187 
190 131 241 217 134 221 197 0 129 124 
186 126 216 193 129 216 192 129 0 120 
161 121 212 188 124 211 187 124 120 0 

409 5 6 272
349 5 6 480
416 6 7 315
328 6 7 495
394 6 7 293
354 7 8 520
301 7 8 432
416 7 8 280
343 7 8 474
331 7 8 462
291 8 9 457
364 8 9 531
291 8 9 457
364 8 9 495
402 8 9 301
475 8 9 340
513 8 9 414
438 9 5 337
511 9 5 411
319 9 5 450
357 9 5 524
430 9 5 294
469 9 5 369
277 9 5 407
468 9 5 333
507 9 5 407

3578

0 830 44
1 804 26
2 561 22
3 890 26
4 550 49
5 307 32
6 875 28
7 792 25
8 610 22
9 938 23
