20 36 3

0 215 190 146 121 227 203 159 134 110 105 100 245 241 236 231 226 111 106 102 
215 0 237 213 169 203 199 194 189 184 180 175 170 205 200 195 191 186 181 176 
190 237 0 138 133 128 123 119 114 149 124 120 115 110 105 101 246 111 106 121 
146 213 138 0 247 112 127 103 118 113 108 104 249 114 239 235 230 225 220 216 
121 169 133 247 0 227 222 217 212 247 242 238 233 228 223 219 214 249 244 239 
227 203 128 112 227 0 245 241 236 231 226 222 217 102 247 242 237 233 228 223 
203 199 123 127 222 245 0 225 220 105 100 245 240 236 231 226 221 236 232 227 
159 194 119 103 217 241 225 0 243 239 234 229 224 239 235 230 225 220 216 231 
134 189 114 118 212 236 220 243 0 242 238 233 228 223 219 214 209 244 239 234 
110 184 149 113 247 231 105 239 242 0 198 174 189 203 199 194 189 185 180 175 
105 180 124 108 242 226 100 234 238 198 0 197 192 188 183 178 173 208 203 199 
100 175 120 104 238 222 245 229 233 174 197 0 176 211 206 202 197 192 187 183 
245 170 115 249 233 217 240 224 228 189 192 176 0 195 190 186 181 196 191 186 
241 205 110 114 228 102 236 239 223 203 188 211 195 0 194 189 185 180 175 170 
236 200 105 239 223 247 231 235 219 199 183 206 190 194 0 173 169 203 199 194 
231 195 101 235 219 242 226 230 214 194 178 202 186 189 173 0 192 187 183 178 
226 191 246 230 214 237 221 225 209 189 173 197 181 185 169 192 0 211 206 201 
111 186 111 225 249 233 236 220 244 185 208 192 196 180 203 187 211 0 190 186 
106 181 106 220 244 228 232 216 239 180 203 187 191 175 199 183 206 190 0 189 
102 176 121 216 239 223 227 231 234 175 199 183 186 170 194 178 201 186 189 0 

0 234 217 181 239 128 166 205 243 132 190 228 117 155 194 233 141 179 218 106 
234 0 245 209 117 175 233 122 180 219 127 165 224 112 170 229 117 156 214 103 
217 245 0 245 133 191 230 138 177 235 123 182 220 128 167 225 114 172 210 119 
181 209 245 0 173 231 120 178 217 125 163 222 130 168 207 115 154 212 120 159 
239 117 133 173 0 121 179 218 126 165 223 112 170 208 117 155 213 102 160 199 
128 175 191 231 121 0 219 108 166 205 113 151 210 248 157 195 103 142 200 239 
166 233 230 120 179 219 0 148 206 114 153 211 100 138 196 105 143 202 240 148 
205 122 138 178 218 108 148 0 246 154 193 101 140 198 236 145 183 241 130 188 
243 180 177 217 126 166 206 246 0 194 233 141 199 238 126 185 223 131 190 228 
132 219 235 125 165 205 114 154 194 0 143 181 239 128 186 225 133 171 230 118 
190 127 123 163 223 113 153 193 233 143 0 221 129 168 226 134 173 211 120 158 
228 165 182 222 112 151 211 101 141 181 221 0 169 208 116 174 213 121 160 218 
117 224 220 130 170 210 100 140 199 239 129 169 0 117 156 214 103 161 199 108 
155 112 128 168 208 248 138 198 238 128 168 208 117 0 196 104 143 201 109 148 
194 170 167 207 117 157 196 236 126 186 226 116 156 196 0 144 202 241 149 188 
233 229 225 115 155 195 105 145 185 225 134 174 214 104 144 0 242 131 189 228 
141 117 114 154 213 103 143 183 223 133 173 213 103 143 202 242 0 191 229 137 
179 156 172 212 102 142 202 241 131 171 211 121 161 201 241 131 191 0 119 177 
218 214 210 120 160 200 240 130 190 230 120 160 199 109 149 189 229 119 0 146 
106 103 119 159 199 239 148 188 228 118 158 218 108 148 188 228 137 177 146 0 

740 0 13 965
657 0 13 954
756 1 13 981
915 1 13 617
691 2 13 918
652 2 13 881
628 13 14 858
929 13 14 564
1048 13 14 678
1023 14 15 722
845 14 15 550
666 14 15 827
599 15 16 830
957 15 16 658
779 15 16 935
600 15 16 763
728 16 17 954
646 16 17 875
1005 16 17 704
826 16 17 532
728 17 18 886
1016 17 18 715
837 17 18 543
659 17 18 887
1017 17 18 648
643 18 19 873
1002 18 19 701
823 18 19 977
645 18 19 806
932 18 19 634
629 19 0 859
606 19 0 837
654 19 0 815
612 19 0 842
589 19 0 820
637 19 0 866

6380

0 419 27
1 471 24
2 758 31
3 869 26
4 291 45
5 324 21
6 654 40
7 886 23
8 723 37
9 828 35
10 665 24
11 502 40
12 991 22
13 730 41
14 567 27
15 404 42
16 893 28
17 508 21
18 345 37
19 932 22
