20 35 3

0 236 212 168 143 249 224 200 175 171 166 161 156 152 147 182 177 172 167 163 
236 0 156 152 107 103 248 243 238 234 229 244 109 104 230 245 220 235 230 245 
212 156 0 167 182 177 173 188 163 159 154 149 144 140 135 169 165 160 155 151 
168 152 167 0 166 162 157 152 147 143 138 173 168 163 158 154 149 144 139 154 
143 107 182 166 0 146 141 176 171 166 161 157 152 147 142 157 153 168 143 158 
249 103 177 162 146 0 164 160 155 150 145 160 156 151 146 141 156 132 147 162 
224 248 173 157 141 164 0 163 159 154 149 144 140 135 130 165 160 155 151 146 
200 243 188 152 176 160 163 0 143 138 133 168 163 158 154 149 120 246 241 126 
175 238 163 147 171 155 159 143 0 118 113 108 104 249 244 129 124 119 115 110 
171 234 159 143 166 150 154 138 118 0 247 132 127 122 118 113 108 103 249 114 
166 229 154 138 161 145 149 133 113 247 0 116 111 107 102 117 112 107 103 248 
161 244 149 173 157 160 144 168 108 132 116 0 115 110 106 101 246 241 237 121 
156 109 144 168 152 156 140 163 104 127 111 115 0 244 240 124 120 115 110 105 
152 104 140 163 147 151 135 158 249 122 107 110 244 0 113 108 104 249 244 109 
147 230 135 158 142 146 130 154 244 118 102 106 240 113 0 132 107 122 248 113 
182 245 169 154 157 141 165 149 129 113 117 101 124 108 132 0 111 237 102 117 
177 220 165 149 153 156 160 120 124 108 112 246 120 104 107 111 0 110 105 101 
172 235 160 144 168 132 155 246 119 103 107 241 115 249 122 237 110 0 240 124 
167 230 155 139 143 147 151 241 115 249 103 237 110 244 248 102 105 240 0 108 
163 245 151 154 158 162 146 126 110 114 248 121 105 109 113 117 101 124 108 0 

0 244 207 191 249 137 176 214 103 161 200 238 127 165 204 242 131 189 228 116 
244 0 184 167 225 134 172 230 139 177 216 124 182 221 129 167 206 114 172 211 
207 184 0 124 163 221 109 168 206 114 153 211 100 158 196 105 143 201 240 148 
191 167 124 0 203 111 149 208 116 154 193 101 159 198 236 145 183 241 150 188 
249 225 163 203 0 151 209 247 156 194 103 141 199 238 146 185 243 131 190 228 
137 134 221 111 151 0 249 137 196 234 142 181 239 128 186 244 133 171 230 118 
176 172 109 149 209 249 0 177 236 144 182 241 129 168 226 134 173 231 120 178 
214 230 168 208 247 137 177 0 126 184 222 131 169 227 116 174 213 121 159 218 
103 139 206 116 156 196 236 126 0 224 112 171 229 117 156 214 103 161 219 108 
161 177 114 154 194 234 144 184 224 0 172 211 119 157 216 104 162 201 109 148 
200 216 153 193 103 142 182 222 112 172 0 100 159 197 106 164 202 241 149 188 
238 124 211 101 141 181 241 131 171 211 100 0 199 237 145 204 242 151 189 247 
127 182 100 159 199 239 129 169 229 119 159 199 0 147 185 244 132 190 229 137 
165 221 158 198 238 128 168 227 117 157 197 237 147 0 225 134 172 230 139 177 
204 129 196 236 146 186 226 116 156 216 106 145 185 225 0 174 232 120 179 217 
242 167 105 145 185 244 134 174 214 104 164 204 244 134 174 0 122 160 219 107 
131 206 143 183 243 133 173 213 103 162 202 242 132 172 232 122 0 220 109 167 
189 114 201 241 131 171 231 121 161 201 241 151 190 230 120 160 220 0 148 207 
228 172 240 150 190 230 120 159 219 109 149 189 229 139 179 219 109 148 0 176 
116 211 148 188 228 118 178 218 108 148 188 247 137 177 217 107 167 207 176 0 

614 0 12 779
852 0 12 565
601 1 12 835
952 1 12 595
660 12 13 824
606 12 13 840
1022 13 14 663
929 13 14 573
842 14 15 556
900 14 15 612
794 14 15 1021
800 15 16 960
708 15 16 938
741 15 16 970
565 15 16 799
689 16 17 919
1042 16 17 749
557 16 17 792
911 16 17 622
663 17 18 895
1016 17 18 724
910 17 18 554
664 17 18 896
544 17 18 712
704 18 19 935
1058 18 19 764
882 18 19 527
706 18 19 868
989 18 19 698
691 19 0 854
668 19 0 899
715 19 0 878
693 19 0 923
1053 19 0 760
1031 19 0 738

5506

0 932 23
1 371 42
2 500 28
3 631 49
4 804 34
5 480 45
6 258 30
7 490 44
8 722 27
9 294 40
10 881 23
11 363 35
12 694 24
13 432 40
14 269 26
15 758 41
16 595 31
17 425 20
18 263 36
19 850 21
