20 39 3

0 228 184 159 115 221 196 191 147 162 138 133 128 124 139 154 149 144 139 135 
228 0 101 246 202 197 192 187 183 178 173 188 183 198 174 189 164 179 175 190 
184 101 0 112 127 122 117 132 127 123 118 113 108 104 249 134 129 124 119 115 
159 246 112 0 130 126 121 116 111 107 102 137 132 127 122 118 113 108 103 138 
115 202 127 130 0 110 105 140 135 130 125 121 116 111 106 141 136 132 127 122 
221 197 122 126 110 0 128 124 119 114 109 144 120 135 130 125 120 246 111 126 
196 192 117 121 105 128 0 127 142 118 133 108 234 229 224 109 235 100 245 240 
191 187 132 116 140 124 127 0 237 232 227 242 107 233 248 223 238 234 229 244 
147 183 127 111 135 119 142 237 0 236 231 246 222 237 212 247 242 237 233 228 
162 178 123 107 130 114 118 232 236 0 235 100 245 241 236 231 226 222 217 102 
138 173 118 102 125 109 133 227 231 235 0 234 229 225 220 105 100 245 240 236 
133 188 113 137 121 144 108 242 246 100 234 0 103 248 243 239 234 229 224 239 
128 183 108 132 116 120 234 107 222 245 229 103 0 232 227 242 238 233 228 243 
124 198 104 127 111 135 229 233 237 241 225 248 232 0 211 207 202 197 192 227 
139 174 249 122 106 130 224 248 212 236 220 243 227 211 0 210 206 201 196 191 
154 189 134 118 141 125 109 223 247 231 105 239 242 207 210 0 190 165 180 195 
149 164 129 113 136 120 235 238 242 226 100 234 238 202 206 190 0 189 184 179 
144 179 124 108 132 246 100 234 237 222 245 229 233 197 201 165 189 0 168 203 
139 175 119 103 127 111 245 229 233 217 240 224 228 192 196 180 184 168 0 187 
135 190 115 138 122 126 240 244 228 102 236 239 243 227 191 195 179 203 187 0 

0 169 132 115 173 208 246 135 173 212 120 159 197 236 124 163 201 110 148 187 
169 0 175 159 142 125 183 222 130 168 227 115 173 212 120 159 217 106 164 202 
132 175 0 115 154 212 120 159 197 106 144 202 111 149 188 246 154 193 231 140 
115 159 115 0 194 102 160 199 107 146 204 242 151 189 247 136 194 233 141 180 
173 142 154 194 0 142 200 239 147 186 244 132 191 229 137 176 234 123 181 239 
208 125 212 102 142 0 240 129 187 245 134 172 231 139 177 236 124 163 221 129 
246 183 120 160 200 240 0 188 227 135 174 232 121 179 217 126 164 222 111 169 
135 222 159 199 239 129 188 0 117 175 214 122 180 219 107 166 224 112 171 209 
173 130 197 107 147 187 227 117 0 215 123 162 220 109 167 206 114 152 211 249 
212 168 106 146 186 245 135 175 215 0 163 202 110 149 207 245 154 192 100 159 
120 227 144 204 244 134 174 214 123 163 0 242 150 208 247 155 194 232 140 199 
159 115 202 242 132 172 232 122 162 202 242 0 190 248 137 195 234 142 180 239 
197 173 111 151 191 231 121 180 220 110 150 190 0 138 177 235 143 182 240 129 
236 212 149 189 229 139 179 219 109 149 208 248 138 0 236 125 183 222 130 169 
124 120 188 247 137 177 217 107 167 207 247 137 177 236 0 165 223 112 170 228 
163 159 246 136 176 236 126 166 206 245 155 195 235 125 165 0 113 152 210 118 
201 217 154 194 234 124 164 224 114 154 194 234 143 183 223 113 0 211 100 158 
110 106 193 233 123 163 222 112 152 192 232 142 182 222 112 152 211 0 160 198 
148 164 231 141 181 221 111 171 211 100 140 180 240 130 170 210 100 160 0 187 
187 202 140 180 239 129 169 209 249 159 199 239 129 169 228 118 158 198 187 0 

901 0 14 805
561 0 14 849
577 0 14 866
604 1 14 894
976 1 14 692
704 1 14 931
562 2 14 919
685 2 14 979
729 2 14 957
507 3 14 793
552 3 14 839
583 3 14 872
756 14 15 530
682 14 15 976
582 14 15 802
886 15 16 666
720 15 16 947
933 15 16 647
833 15 16 610
940 16 17 654
709 16 17 1004
674 16 17 968
639 16 17 862
756 17 18 985
525 17 18 811
989 17 18 705
889 17 18 669
723 17 18 1019
874 18 19 654
708 18 19 1004
543 18 19 830
876 18 19 586
710 18 19 936
889 19 0 600
789 19 0 564
688 19 0 983
733 19 0 961
711 19 0 1007
756 19 0 985

6369

0 508 48
1 678 28
2 867 41
3 347 39
4 519 22
5 966 23
6 448 36
7 778 21
8 616 37
9 287 23
10 874 37
11 711 22
12 548 42
13 287 27
14 874 43
15 613 28
16 450 44
17 952 41
18 789 26
19 626 42
