20 62 5

0 151 127 122 228 184 159 135 240 196 211 226 222 217 212 207 199 154 169 184 
151 0 170 126 101 247 242 107 102 247 243 238 103 228 224 108 104 249 244 239 
127 170 0 201 216 191 206 182 197 192 187 202 197 193 188 183 178 174 169 204 
122 126 201 0 180 195 171 205 200 196 191 186 182 177 172 207 202 197 193 188 
228 101 216 180 0 199 194 189 185 180 175 210 205 200 196 191 186 181 177 211 
184 247 191 195 199 0 178 213 208 203 199 194 189 184 180 214 190 185 200 176 
159 242 206 171 194 178 0 197 192 187 183 198 213 188 183 179 174 189 164 199 
135 107 182 205 189 213 197 0 196 191 186 182 177 172 167 202 197 193 188 183 
240 102 197 200 185 208 192 196 0 175 170 205 200 196 191 186 181 177 172 207 
196 247 192 196 180 203 187 191 175 0 194 189 184 180 175 139 154 129 124 139 
211 243 187 191 175 199 183 186 170 194 0 142 137 152 127 123 118 113 128 143 
226 238 202 186 210 194 198 182 205 189 142 0 121 116 111 146 141 137 132 127 
222 103 197 182 205 189 213 177 200 184 137 121 0 140 135 130 125 121 116 151 
217 228 193 177 200 184 188 172 196 180 152 116 140 0 230 114 109 105 100 245 
212 224 188 172 196 180 183 167 191 175 127 111 135 230 0 248 244 239 234 119 
207 108 183 207 191 214 179 202 186 139 123 146 130 114 248 0 117 112 108 103 
199 104 178 202 186 190 174 197 181 154 118 141 125 109 244 117 0 246 242 107 
154 249 174 197 181 185 189 193 177 129 113 137 121 105 239 112 246 0 245 241 
169 244 169 193 177 200 164 188 172 124 128 132 116 100 234 108 242 245 0 114 
184 239 204 188 211 176 199 183 207 139 143 127 151 245 119 103 107 241 114 0 

0 135 118 232 140 179 237 125 164 202 241 130 168 226 115 153 192 230 119 157 
135 0 146 205 207 116 154 212 101 159 198 106 145 203 241 150 188 246 135 193 
118 146 0 165 224 112 151 209 117 156 214 102 141 199 107 146 204 243 151 190 
232 205 165 0 114 152 210 249 157 196 104 142 201 239 147 186 244 133 191 230 
140 207 224 114 0 192 100 139 197 236 144 202 241 129 187 226 134 192 231 119 
179 116 112 152 192 0 140 198 237 145 184 242 131 189 227 136 174 232 121 179 
237 154 151 210 100 140 0 238 127 185 224 132 171 229 117 176 214 122 161 219 
125 212 209 249 139 198 238 0 187 225 133 172 210 119 177 215 124 162 221 109 
164 101 117 157 197 237 127 187 0 115 173 212 120 159 217 105 164 202 110 149 
202 159 156 196 236 145 185 225 115 0 213 122 160 199 107 145 204 112 150 189 
241 198 214 104 144 184 224 133 173 213 0 162 200 108 147 205 244 152 190 249 
130 106 102 142 202 242 132 172 212 122 162 0 240 148 187 245 134 192 230 139 
168 145 141 201 241 131 171 210 120 160 200 240 0 188 246 135 193 232 140 179 
226 203 199 239 129 189 229 119 159 199 108 148 188 0 136 175 233 122 180 219 
115 241 107 147 187 227 117 177 217 107 147 187 246 136 0 215 123 181 220 108 
153 150 146 186 226 136 176 215 105 145 205 245 135 175 215 0 163 221 110 168 
192 188 204 244 134 174 214 124 164 204 244 134 193 233 123 163 0 111 150 208 
230 246 243 133 192 232 122 162 202 112 152 192 232 122 181 221 111 0 210 248 
119 135 151 191 231 121 161 221 110 150 190 230 140 180 220 110 150 210 0 237 
157 193 190 230 119 179 219 109 149 189 249 139 179 219 108 168 208 248 237 0 

851 0 13 533
940 0 13 617
973 0 13 648
772 0 13 909
1051 1 13 653
750 1 13 1024
769 1 13 974
658 1 13 802
763 2 13 968
1101 2 13 767
597 2 13 813
631 2 14 845
984 13 14 590
961 13 14 636
820 13 14 954
797 13 14 1000
846 13 14 978
1030 14 15 633
1020 14 15 624
836 14 15 969
958 14 15 634
774 14 15 911
623 15 16 838
585 15 16 734
954 15 16 562
697 15 16 907
1067 15 16 735
883 15 16 1012
681 16 17 892
1051 16 17 652
867 16 17 997
610 16 17 825
979 16 17 653
571 16 17 789
1086 16 17 685
712 17 18 920
1081 17 18 748
897 17 18 1025
713 17 18 853
1009 17 18 682
825 17 18 1027
641 17 18 855
1011 17 18 615
959 18 19 635
775 18 19 912
1072 18 19 740
888 18 19 568
704 18 19 913
1073 18 19 673
889 18 19 1018
632 18 19 846
1002 18 19 674
1061 19 0 730
557 19 0 708
1087 19 0 686
1064 19 0 732
559 19 0 710
1089 19 0 756
585 19 0 734
561 19 0 780
1091 19 0 758
587 19 0 736

6587

0 917 38
1 278 20
2 960 43
3 401 39
4 573 25
5 981 43
6 818 29
7 399 48
8 630 34
9 322 38
10 909 47
11 746 33
12 485 23
13 973 36
14 810 21
15 648 37
16 386 23
17 454 22
18 627 37
19 858 23
