20 58 5

0 120 159 198 237 126 165 184 223 112 151 229 118 177 236 145 184 242 151 210 
120 0 197 235 124 163 222 151 190 248 157 196 105 164 203 131 190 229 137 196 
159 197 0 242 150 209 248 157 215 104 163 242 131 189 248 137 196 235 143 222 
198 235 242 0 196 235 144 202 111 170 228 117 176 215 124 202 241 150 209 248 
237 124 150 196 0 150 189 248 157 196 104 183 241 130 189 228 137 196 235 163 
126 163 209 235 150 0 235 163 202 111 169 208 117 176 215 143 202 241 150 209 
165 222 248 144 189 235 0 189 248 156 195 124 182 221 130 169 228 137 195 104 
184 151 157 202 248 163 189 0 163 202 111 169 208 117 156 234 143 182 241 150 
223 190 215 111 157 202 248 163 0 247 136 215 124 182 221 130 169 228 136 195 
112 248 104 170 196 111 156 202 247 0 202 110 149 208 117 176 234 143 182 241 
151 157 163 228 104 169 195 111 136 202 0 156 215 123 162 221 130 169 227 156 
229 196 242 117 183 208 124 169 215 110 156 0 110 149 208 136 175 234 123 182 
118 105 131 176 241 117 182 208 124 149 215 110 0 214 103 162 221 110 169 247 
177 164 189 215 130 176 221 117 182 208 123 149 214 0 149 227 116 175 234 123 
236 203 248 124 189 215 130 156 221 117 162 208 103 149 0 103 162 221 110 188 
145 131 137 202 228 143 169 234 130 176 221 136 162 227 103 0 227 116 175 234 
184 190 196 241 137 202 228 143 169 234 130 175 221 116 162 227 0 162 220 129 
242 229 235 150 196 241 137 182 228 143 169 234 110 175 221 116 162 0 116 175 
151 137 143 209 235 150 195 241 136 182 227 123 169 234 110 175 220 116 0 220 
210 196 222 248 163 209 104 150 195 241 156 182 247 123 188 234 129 175 220 0 

0 245 236 227 132 187 242 146 201 106 160 215 120 174 229 134 188 243 148 202 
245 0 197 208 179 104 159 213 118 192 247 152 206 111 185 240 145 199 124 179 
236 197 0 208 112 167 241 146 201 105 180 235 139 194 249 173 228 132 187 242 
227 208 208 0 140 195 119 174 228 133 188 112 167 222 126 201 105 160 215 119 
132 179 112 140 0 222 127 202 106 161 216 120 195 249 154 209 133 188 243 147 
187 104 167 195 222 0 155 229 134 189 243 148 222 127 182 236 161 216 120 175 
242 159 241 119 127 155 0 107 162 216 121 195 100 155 210 114 189 243 148 203 
146 213 146 174 202 229 107 0 189 244 149 223 128 183 237 142 216 121 176 230 
201 118 201 228 106 134 162 189 0 122 177 231 136 210 115 170 224 149 203 108 
106 192 105 133 161 189 216 244 122 0 204 109 164 238 143 197 102 176 231 136 
160 247 180 188 216 243 121 149 177 204 0 137 211 116 170 225 130 204 109 164 
215 152 235 112 120 148 195 223 231 109 137 0 239 143 198 103 158 232 137 191 
120 206 139 167 195 222 100 128 136 164 211 239 0 171 226 131 185 240 164 219 
174 111 194 222 249 127 155 183 210 238 116 143 171 0 104 158 213 118 192 247 
229 185 249 126 154 182 210 237 115 143 170 198 226 104 0 186 241 145 220 124 
134 240 173 201 209 236 114 142 170 197 225 103 131 158 186 0 118 173 248 152 
188 145 228 105 133 161 189 216 224 102 130 158 185 213 241 118 0 201 106 180 
243 199 132 160 188 216 243 121 149 176 204 232 240 118 145 173 201 0 133 208 
148 124 187 215 243 120 148 176 203 231 109 137 164 192 220 248 106 133 0 125 
202 179 242 119 147 175 203 230 108 136 164 191 219 247 124 152 180 208 125 0 

616 0 12 933
636 0 12 885
948 0 12 744
663 1 12 978
602 1 12 919
610 1 12 927
908 12 13 638
847 12 13 579
967 12 13 762
673 13 14 988
1042 13 14 835
594 13 14 978
713 13 14 959
840 14 15 639
710 14 15 956
746 14 15 547
546 14 15 865
526 14 15 846
868 15 16 599
668 15 16 983
538 15 16 857
865 15 16 664
735 15 16 537
605 15 16 922
923 16 17 720
793 16 17 593
594 16 17 911
990 16 17 785
860 16 17 591
661 16 17 976
531 16 17 850
978 17 18 706
779 17 18 580
895 17 18 693
765 17 18 566
635 17 18 951
962 17 18 758
832 17 18 631
702 17 18 949
827 18 19 626
697 18 19 1011
567 18 19 885
894 18 19 691
764 18 19 565
634 18 19 883
961 18 19 756
831 18 19 630
701 18 19 948
744 19 0 546
586 19 0 904
955 19 0 751
797 19 0 598
640 19 0 956
1009 19 0 803
920 19 0 650
763 19 0 564
605 19 0 922
974 19 0 769

6674

0 921 31
1 660 21
2 339 36
3 394 22
4 805 41
5 761 30
6 877 34
7 893 49
8 713 34
9 330 23
10 347 24
11 817 38
12 538 23
13 910 38
14 631 23
15 450 42
16 921 27
17 460 46
18 931 35
19 651 20
