20 64 5

0 111 150 189 208 247 136 175 234 123 181 220 129 188 227 155 214 103 162 221 
111 0 207 246 135 174 233 122 181 239 128 207 246 155 213 102 161 220 109 187 
150 207 0 213 122 180 219 128 187 245 134 193 102 161 200 108 167 226 115 173 
189 246 213 0 147 186 245 154 213 102 160 219 128 167 225 134 193 232 141 199 
208 135 122 147 0 232 121 199 238 127 186 245 134 192 101 160 219 108 166 225 
247 174 180 186 232 0 147 205 114 153 212 140 179 238 127 186 244 133 192 121 
136 233 219 245 121 147 0 101 160 199 107 166 205 114 173 231 140 179 238 146 
175 122 128 154 199 205 101 0 185 224 133 212 101 159 198 107 166 205 114 192 
234 181 187 213 238 114 160 185 0 120 179 237 126 185 244 153 211 100 159 218 
123 239 245 102 127 153 199 224 120 0 205 113 172 231 120 178 115 134 193 121 
181 128 134 160 186 212 107 133 179 205 0 167 206 114 173 232 141 180 238 147 
220 207 193 219 245 140 166 212 237 113 167 0 101 160 199 108 166 205 114 192 
129 246 102 128 134 179 205 101 126 172 206 101 0 186 244 153 212 101 160 218 
188 155 161 167 192 238 114 159 185 231 114 160 186 0 120 179 238 127 185 114 
227 213 200 225 101 127 173 198 244 120 173 199 244 120 0 224 133 172 231 140 
155 102 108 134 160 186 231 107 153 178 232 108 153 179 224 0 159 198 107 185 
214 161 167 193 219 244 140 166 211 115 141 166 212 238 133 159 0 244 152 211 
103 220 226 232 108 133 179 205 100 134 180 205 101 127 172 198 244 0 178 106 
162 109 115 141 166 192 238 114 159 193 238 114 160 185 231 107 152 178 0 132 
221 187 173 199 225 121 146 192 218 121 147 192 218 114 140 185 211 106 132 0 

0 223 195 187 241 146 201 105 160 215 119 174 229 133 188 243 148 202 107 162 
223 0 136 191 182 106 161 216 140 195 100 154 209 133 188 243 147 222 127 181 
195 136 0 124 178 103 157 212 117 191 246 150 205 110 184 239 144 198 103 177 
187 191 124 0 226 130 185 240 144 219 123 178 233 138 212 117 171 226 131 205 
241 182 178 226 0 138 213 117 172 227 151 206 111 165 220 144 199 104 158 233 
146 106 103 130 138 0 240 145 200 105 159 234 138 193 248 172 227 131 186 241 
201 161 157 185 213 240 0 173 228 132 207 111 166 221 125 200 104 159 214 119 
105 216 212 240 117 145 173 0 105 160 234 139 194 248 153 228 132 187 242 146 
160 140 117 144 172 200 228 105 0 188 242 167 221 126 181 105 160 215 119 174 
215 195 191 219 227 105 132 160 188 0 120 175 249 154 209 113 188 242 147 202 
119 100 246 123 151 159 207 234 242 120 0 222 127 182 236 141 215 120 175 229 
174 154 150 178 206 234 111 139 167 175 222 0 155 209 114 169 243 148 203 107 
229 209 205 233 111 138 166 194 221 249 127 155 0 237 142 196 121 176 230 135 
133 133 110 138 165 193 221 248 126 154 182 209 237 0 170 224 129 203 108 163 
188 188 184 212 220 248 125 153 181 209 236 114 142 170 0 102 157 231 136 190 
243 243 239 117 144 172 200 228 105 113 141 169 196 224 102 0 184 109 163 218 
148 147 144 171 199 227 104 132 160 188 215 243 121 129 157 184 0 136 191 246 
202 222 198 226 104 131 159 187 215 242 120 148 176 203 231 109 136 0 219 124 
107 127 103 131 158 186 214 242 119 147 175 203 230 108 136 163 191 219 0 211 
162 181 177 205 233 241 119 146 174 202 229 107 135 163 190 218 246 124 211 0 

548 0 3 885
805 0 3 572
957 0 14 725
753 0 14 586
759 1 14 592
740 1 14 573
788 1 14 621
704 1 14 976
554 1 14 891
837 2 14 670
884 2 14 719
734 2 14 567
584 2 14 922
1001 2 14 770
652 3 14 990
699 3 14 532
549 3 14 887
557 3 14 894
908 3 14 742
892 14 15 726
596 14 15 934
974 14 15 809
890 14 15 724
766 14 15 599
640 15 16 979
648 15 16 920
960 15 16 795
836 15 16 670
646 15 16 985
522 15 16 859
747 16 17 580
623 16 17 961
935 16 17 770
768 16 17 601
644 16 17 982
612 16 17 950
924 16 17 759
550 17 18 887
861 17 18 695
737 17 18 570
613 17 18 951
925 17 18 760
801 17 18 634
677 17 18 949
989 17 18 824
972 18 19 807
848 18 19 682
724 18 19 997
534 18 19 871
912 18 19 746
722 18 19 554
598 18 19 936
975 18 19 811
786 18 19 619
893 19 0 727
743 19 0 575
593 19 0 930
944 19 0 779
794 19 0 627
644 19 0 982
559 19 0 830
911 19 0 745
761 19 0 594
610 19 0 948

6570

0 328 32
1 363 46
2 732 41
3 984 48
4 646 49
5 957 42
6 974 30
7 991 31
8 257 46
9 664 23
10 483 28
11 500 42
12 971 27
13 691 28
14 412 47
15 883 32
16 604 47
17 596 26
18 317 45
19 788 30
